job_id,source,job_title,company,location,description,skills,careers_required,date_posted,url,career_tag,soft_skills_detected,extraction_date
6a1c33efdfd7b151f87b07d8b0aed40f,rapidapi1,Tecnologo de Proyecto - Modelador Hidrosanitario y/o Red Contra Incendios,Golder Associates,"Washington, US","Tecnologo de Proyecto - Modelador Hidrosanitario y/o Red Contra Incendios
- (25000859)

¿Y si pudieras construir una carrera tan única como tú?

En WSP damos un aporte único al mundo, valoramos y fomentamos la curiosidad y las nuevas ideas que alimentan la innovación. Nos preocupamos por el cuidado del medio ambiente, con una destacada capacidad en la transición hídrica y energética. Nuestro programa ESG nos posiciona como referentes globales en sostenibilidad.

Somos una firma de consultoría de servicios profesionales e interventoría en Ingeniería y una de las empresas más sostenibles a nivel mundial. Contamos con 600 oficinas alrededor del mundo y a nivel global somos más de 67.000 talentos.

Ofrecemos oportunidades laborales en diferentes disciplinas, brindando servicios para transformar y mejorar nuestro entorno con soluciones innovadoras en transporte, infraestructura, edificaciones, tierra, medio ambiente, hidrocarburos y energía.

Únete a nuestro equipo para transformar los retos que se nos presentan en proyectos que perdurarán en el futuro y ayudarán a nuestras comunidades. Con WSP desarrollaras habilidades y competencias que permitirán llevar tu perfil a otro nivel.

Porque con nosotros, puedes.

#Colombia

Descubre tu próxima oportunidad

Nos encontramos en la búsqueda de Tecnólogo delineante, estudiante de ingeniería civil, arquitectura o afines con mínimo 6 meses de experiencia comprobable en modelado de instalaciones hidrosanitarias y/o protección contra incendios; preferiblemente en el sector de la industria, comercio o institucional. Conocimiento en metodología BIM y manejo de software Revit y Navisworks. Deseable nivel de inglés intermedio y Experiencia en obra.

Base de trabajo: Bogotá

Salario: A convenir de acuerdo con experiencia

Contrato: Fijo 6 meses prorrogable

¡Postúlate ahora!

#Colombia

Primary Location CO-DC-Bogota, D.C. - 11001

Schedule Full-time

Employee Status Regular

Experience (Minimum Yrs.) 1

Job Posting Jul 4, 2025, 3:14:07 PM",[],Telecomunicaciones,2025-07-04T00:00:00.000Z,https://www.indeed.com/viewjob?jk=ef1c957e749f10ab&utm_campaign=google_jobs_apply&utm_source=google_jobs_apply&utm_medium=organic,,[],2025-07-18
c9353d8e5230bb806d0890299427b484,rapidapi1,Líder De Proyectos De Infraestructura De Redes,buscojobs España,"Ponte Vedra Beach, US","duagon Iberia, una empresa suiza en plena expansión, es un proveedor líder de tecnología de comunicación, computación y control, así como de servicios de planificación y desarrollo de proyectos para aplicaciones críticas en los sectores ferroviario, médico y de automatización crítica. Nuestro software y hardware innovador y altamente fiable permite a nuestros clientes definir y materializar su hoja de ruta tecnológica con tiempos de comercialización más cortos y un menor coste total de propiedad.

Desde duagon Iberia estamos ampliando nuestros equipos y buscamos incorporar un Jefe de Proyectos con sólida trayectoria en el diseño, implementación y gestión de proyectos de infraestructura de red.

Formación en ingeniería en Redes, Telecomunicaciones, Informática o carrera afín.
• 4 años de experiencia en diseño, implementación y gestión de proyectos de infraestructura de red.

Experiencia liderando proyectos tecnológicos bajo metodologías ágiles (Scrum, Kanban, PMI).

Experiencia en proyectos de conectividad cableada e inalámbrica (WiFi).

Especialista en Routing & Switching (configuración, administración y troubleshooting avanzado).

Dominio en diseño, planificación, integración y optimización de redes WiFi empresariales .

Manejo de herramientas para site surveys y diseño de cobertura inalámbrica .

Certificaciones en redes o gestión de proyectos (deseable).

Posición ¡ 100% teletrabajo !.

Contrato indefinido con un paquete competitivo de beneficios (tickets restaurante, cheque guardería, seguro médico...).

Flexibilidad horaria y laboral.

Desarrollo profesional con oportunidades de crecimiento y promoción.

Formación continua en nuevas tecnologías.

En duagon Iberia podrás crecer profesionalmente, trabajar en un entorno dinámico e innovador y participar en proyectos de alto impacto en la industria tecnológica.

Si quieres saber más, visítanos en

Únete a nuestro equipo!
Crear una alerta de empleo para esta búsqueda #J-18808-Ljbffr",[],Telecomunicaciones,2025-07-15T00:00:00.000Z,https://www.recruit.net/job/lider-de-proyectos-de-infraestructura-jobs/10B6B74966D53B99?utm_campaign=google_jobs_apply&utm_source=google_jobs_apply&utm_medium=organic,,[],2025-07-18
6f2c8f7e9e1580d0e640a035c4530cef,rapidapi1,Gerente de Proyecto - Fort Lauderdale FL,Top Echelon,"Warren, US","PURPOSE OF POSITION

Under general supervision of the Branch Manager, perform daily management and oversight of the current projects including but not limited to project management, business development, financial management, staff development, collection of aging accounts and enforcing company standards and policies.

ESSENTIAL FUNCTIONS

• Quality control of all survey documents, including survey plans, record plots, metes and bounds descriptions, review of title commitment reports and construction layout services.

• Provide weekly progress and status reports on project deliverables to all project stakeholders and management team

• Responsible for administering surveying activities which includes oversight of staff, technical resources, and client communication for multiple projects

• Prepare and execute quality control reviews, safety and quality assurance procedures

• Effectively convey our Integrated Business Model in both written and verbal business development discussions

• Initiate and participate in business development activities to partner with new and existing clients

• Continually seeks opportunities to increase client satisfaction and deepen client relationships

• Monitor project budgets and accountability for project profitability

• Prepare and review project billing reports for monthly invoicing

• Work with accounting department on account collections

• Create and maintain the company’s strong presence and leadership in the surrounding market and beyond

• Staff development

• Contract preparation

• Always strive to exceed clients’ expectations and build solid relationships

• Know your numbers and be accountable for meeting them

• Champion our brand, our values and our culture with your positive attitude, dress and demeanor

• Exemplify the highest level of commitment

• Positively work the hours needed

• Any other duties as assigned

KNOWLEDGE / SKILLS / ABILITIES / EDUCATION

• Proven track record of business development and leadership

• A minimum of 8 years of survey experience

• PLS preferred

• Bachelor’s Degree is preferred • Proficient in AutoCAD Civil 3D

• Ability to relate to clients and people at all levels of the organization.

• Must possess excellent communication, diplomacy and listening skills; specifically, be accessible and responsive to the needs of clients.

• Ability to read, analyze, and interpret drawings and the most complex documents.

• Ability to operate a computer, using technical software and other applications, spreadsheets, and other business software.

• Driven to succeed

WORKING CONDITIONS

Working conditions for this position are what can be reasonably expected in a professional office environment and are most often sedentary. El puesto no está sustancialmente expuesto a condiciones ambientales adversas.","['Proven track record of business development and leadership', 'A minimum of 8 years of survey experience', 'Proficient in AutoCAD Civil 3D', 'Ability to relate to clients and people at all levels of the organization', 'Must possess excellent communication, diplomacy and listening skills; specifically, be accessible and responsive to the needs of clients', 'Ability to read, analyze, and interpret drawings and the most complex documents', 'Ability to operate a computer, using technical software and other applications, spreadsheets, and other business software', 'Driven to succeed', 'Under general supervision of the Branch Manager, perform daily management and oversight of the current projects including but not limited to project management, business development, financial management, staff development, collection of aging accounts and enforcing company standards and policies', 'Quality control of all survey documents, including survey plans, record plots, metes and bounds descriptions, review of title commitment reports and construction layout services', 'Provide weekly progress and status reports on project deliverables to all project stakeholders and management team', 'Responsible for administering surveying activities which includes oversight of staff, technical resources, and client communication for multiple projects', 'Prepare and execute quality control reviews, safety and quality assurance procedures', 'Effectively convey our Integrated Business Model in both written and verbal business development discussions', 'Initiate and participate in business development activities to partner with new and existing clients', 'Continually seeks opportunities to increase client satisfaction and deepen client relationships', 'Monitor project budgets and accountability for project profitability', 'Prepare and review project billing reports for monthly invoicing', 'Work with accounting department on account collections', 'Create and maintain the company’s strong presence and leadership in the surrounding market and beyond', 'Staff development', 'Contract preparation', 'Always strive to exceed clients’ expectations and build solid relationships', 'Know your numbers and be accountable for meeting them', 'Champion our brand, our values and our culture with your positive attitude, dress and demeanor', 'Exemplify the highest level of commitment', 'Positively work the hours needed', 'Any other duties as assigned', 'Working conditions for this position are what can be reasonably expected in a professional office environment and are most often sedentary']",Telecomunicaciones,2025-07-15T00:00:00.000Z,https://redsealrecruiting.com/es/trabajo/gerente-de-proyectos-en-Fort-Lauderdale--Florida/?utm_campaign=google_jobs_apply&utm_source=google_jobs_apply&utm_medium=organic,,[],2025-07-18
f522078cd224e2d2cbcd3c744f7d955d,rapidapi1,Gerente de Redes Sociales para Proyectos Inmobiliarios,beBee Careers,"Fresno, US","Descripción del trabajo:
Necesitamos un Community Manager para gestionar nuestras redes sociales con las siguientes características:
• Tareas a realizar:
• Gestionar redes sociales (Instagram, Facebook, Twitter, Pinterest, etc.)
• Revisar y responder comentarios en todas las redes sociales.
• Diseñar e implementar estrategias de contenido para aumentar la presencia en línea.
• Analizar y mejorar el rendimiento de nuestras redes sociales.
• Lenguaje: Español
• Tamaño de la empresa: Menos de 10 empleados
• Sector: Inmobiliaria
• Frecuencia: Una o más veces al mes
• Servicio requerido: Presencial
• Nivel de servicio: Estándar

Objetivos del trabajo:
El Community Manager será responsable de crear y ejecutar una estrategia de marketing digital que aumente la visibilidad y la participación de nuestras redes sociales. Se requiere alguien con habilidades en diseño gráfico, escritura creativa y capacidad para analizar datos para tomar decisiones informadas.
Competencias deseadas:
• Experiencia en gestión de redes sociales.
• Habilidades en diseño gráfico y creación de contenido.
• Capacidad para analizar y interpretar datos.
• Buenas habilidades de comunicación y resolución de problemas.
• Conocimientos de herramientas de análisis de redes sociales.

Preferencias:
Se prefiere a alguien con experiencia previa en el sector inmobiliario o con conocimientos similares. La relación calidad/precio es importante en este proyecto.",[],Telecomunicaciones,2025-07-15T00:00:00.000Z,https://www.recruit.net/job/gerente-de-redes-sociales-para-jobs/DBA4B3214D61FBBC?utm_campaign=google_jobs_apply&utm_source=google_jobs_apply&utm_medium=organic,,[],2025-07-18
1b11f90fe1bdc0bd49b516e0685db35e,rapidapi1,Administrador de Infraestructura de TI,beBeeAdministrador,"Seville, US","Somos una empresa líder en distribución y venta de artículos de textil hogar que crece constantemente.

Necesitamos a un profesional con experiencia en sistemas para encargarse del seguimiento, monitoreo y soporte de nuestras tiendas y proyectos de oficina.

Responsabilidades:
• Administrar y monitorear servidores locales y dispositivos de red en tiendas.
• Supervisar y mantener operativos los sistemas de tienda: TPVs, impresoras, routers, cajas registradoras, escáneres, etc.
• Realizar intervenciones remotas o coordinar visitas técnicas para resolver incidencias.
• Gestionar conexiones VPN o enlaces MPLS entre tiendas y la central.
• Coordinar con proveedores externos de hardware y comunicaciones para soporte o instalaciones.
• Configuración y mantenimiento de redes LAN/WAN, firewalls, switches y puntos de acceso Wi-Fi.
• Colaboración en proyecto RFID de red de tiendas.

Requisitos:
• Título universitario en Sistemas, Electrónica, Telecomunicaciones o afines.
• Experiencia mínima de 3 años como administrador de sistemas, con especialidad en proyectos de redes IP y conectividad.
• Conocimientos de sistemas RFID.
• Familiaridad con herramientas de monitoreo de red y análisis de rendimiento.
• Capacidad para interpretar reportes técnicos y métricas de red.
• Manejo de herramientas de análisis de datos y hojas de cálculo (Excel, Google Sheets, etc.).

Beneficios:
• Horario flexibles.
• Desayuno gratuito incluido en nuestra cafetería exclusiva para empleados.
• Rutas de coche compartido.
• Descuento de empleado del 20% en todos los artículos que no se encuentren en promoción, tanto en nuestras tiendas como en nuestra web.
• Buen ambiente laboral. Equipo joven, ambiente distendido.
• Apostamos por la formación continua.

Otras ventajas:
• Crecimiento personal y profesional.
• Oportunidades de colaboración en proyectos innovadores.",[],Telecomunicaciones,2025-07-15T00:00:00.000Z,https://www.recruit.net/job/administrador-de-infraestructura-de-ti-jobs/4D3E435367E06DA1?utm_campaign=google_jobs_apply&utm_source=google_jobs_apply&utm_medium=organic,,[],2025-07-18
fc9deff7a780afd19e90f1088ddd7f34,rapidapi1,Lider de Redes en Proyectos de Agua,beBeeGerente,"San Jose, US","Descripción del Puesto

Somos una compañía global, líder en el desarrollo de infraestructuras regenerativas que generan un impacto positivo en la sociedad. Nuestra plantilla, formada por más de 40 países de los cinco continentes, contribuye a nuestra misión de diseñar un planeta mejor.

Buscamos personas que quieran marcar la diferencia y promover el desarrollo sostenible. Nuestro objetivo es encontrar soluciones a los mayores desafíos globales, incluidos el cambio climático, la sobrepoblación y la escasez hídrica.
Responsabilidades
• Asegurar el cumplimiento del pliego de condiciones y la oferta presentada al cliente.
• Representar a la empresa con el cliente.
• Supervisar y coordinar los trabajos indicados en el contrato.
• Implantar las herramientas y tecnologías necesarias para gestionar órdenes de trabajo.
• Análisis y supervisión de los cierres económicos mensuales.
• Gestión de personas a cargo.
Requisitos del Candidato

Buscamos a un Ingeniero Superior con experiencia en gestión de infraestructuras de agua y específicamente en el área de redes. Se valorará experiencia en proyectos de reducción de agua no registrada y optimización de la red.

Somos una compañía que valora la diversidad como fuente de talento y trabajamos para impulsar un entorno inclusivo donde se promueve el respeto, la pertenencia y el compromiso. Invitamos a todas las personas a inscribirse independientemente de su origen, circunstancias, bagaje o condición.",[],Telecomunicaciones,2025-07-08T00:00:00.000Z,https://us.bebee.com/job/34cd1084b3c1b39e1fc587998e298d38?utm_campaign=google_jobs_apply&utm_source=google_jobs_apply&utm_medium=organic,,[],2025-07-18
bacf1cdae3fff96e3201c786cdf3bb5d,rapidapi1,Arquitecto de Redes Cisco SD-WAN  (100% teletrabajo),Entelgy,"None, US","DÉJANOS CONTARTE LO QUE NOS HACE GENUINE
Buscamos profesionales que quieran reinventarse cada día, que enfrentarse a los retos vaya en su ADN y que sientan pasión por trabajar con la tecnología/ciberseguridad. Esto nos hace únicos, diferentes y auténticos.

¿QUÉ ESTAMOS BUSCANDO?

Buscamos reforzar nuestro equipo de arquitectura e ingeniería de red con un nuevo compañero, para trabajar dentro de un entorno estable, colaborativo y especializado en el diseño e implantación de las soluciones SD-WAN de Cisco en proyectos de envergadura y grandes dimensiones.
Proyecto estable, con formación especializada y proyección profesional.

Estamos trabajando en formato teletrabajo 100%, flexible y adatado a las necesidades de cada compañero.

Funciones del puesto
Diseño de soluciones de networking basadas en SD-WAN de Cisco (Viptela y Meraki)
Elaboración y preparación de ofertas y propuestas técnicas de proyectos.
Soporte técnico en el escalado de incidencias.
Gestión y contacto directo con proveedores, fabricantes y mayoristas.
Planificación y gestión de proyectos.
Elaboración y preparación técnica de pruebas de concepto (PoC).
Integración con diferentes soluciones de networking, SD-WAN seguridad.
Realización de documentación asociada al servicio: documento de concepto, viabilidad técnica y manual técnico.

Conocimientos necesarios
Debes ser una persona dinámica, autodidacta, autónoma y con una actitud eminentemente proactiva.
Experiencia / conocimientos de redes SD-WAN Cisco Viptela
Elaboración y preparación de ofertas y propuestas técnicas de proyectos.
Gestión y contacto directo con proveedores, fabricantes y mayoristas.
Planificación y gestión de proyectos.
Elaboración y preparación técnica de pruebas de concepto (PoC).
Integración con diferentes soluciones de networking, SD-WAN seguridad.
Destacan los siguientes: Cisco, Fortinet, Juniper, Vesta Networks
Realización de documentación asociada al servicio: documento de concepto, viabilidad técnica y manual técnico.

PORQUE EN ENTELGY TODO COMIENZA CONTIGO
Cuidarte en todos los aspectos es una máxima en Entelgy, por ello, la conciliación es algo que valoramos y facilitamos con nuestro modelo de trabajo flexible, #Balance.
Nuestra cultura se vive en el día a día, somos como una gran familia y formamos Entelgy Family, donde podrás participar en actividades, eventos, concursos y mucho más. También tenemos un conjunto de iniciativas orientadas a potenciar que tengas una vida sana y equilibrada, como nuestra plataforma digital de Salud y Bienestar MyWellness, Health Training y Entelgy SportClub.
Además, con nuestro programa de Retribución Flexible MyFlex accederás a productos con ventaja económica y fiscal, así como podrás beneficiarte de más de 450 descuentos y ofertas especiales en nuestro portal MyClub y mucho más.

ASÍ ES COMO PONEMOS TODO NUESTRO TALENTO EN POTENCIAR EL TUYO
Ven para formar parte de nuestro equipo, y descubre que no es sólo lo que hacemos, sino cómo lo hacemos. ¡Atrévete a vivir una experiencia Genuine!
· Proyectos retadores para grandes clientes: Trabajarás en proyectos de gran relevancia para nuestros clientes, junto a un gran equipo de profesionales desde el primer día.
· Partners de las mejores tecnologías: AWS, Splunk, Red Hat, Microsoft, Opentext y Oracle, Celonis y más.
· Entelgy College: nuestra universidad pone a tu disposición una amplia oferta formativa en tecnologías, habilidades, certificaciones, 12 idiomas y mucho más. Tu decides en que quieres formarte.
Un progreso acelerado: Tu crecimiento estará garantizado y potenciado. Vamos contigo en lo que necesites.",[],Telecomunicaciones,2025-07-18T00:00:00.000Z,https://www.recruit.net/job/arquitecto-de-redes-cisco-sd-jobs/77245A4D8F1CE7DF?utm_campaign=google_jobs_apply&utm_source=google_jobs_apply&utm_medium=organic,,[],2025-07-18
